{
 "cells": [
  {
   "cell_type": "markdown",
   "id": "8429cca4",
   "metadata": {},
   "source": [
    "# Dimensiereductie\n",
    "\n",
    "Auteurs: Brian van der Bijl (brian.vanderbijl@hu.nl), Tijmen Muller"
   ]
  },
  {
   "cell_type": "markdown",
   "id": "90693c47",
   "metadata": {},
   "source": [
    "- Studentnummer: 1853447 \n",
    "- Naam: Dominik Enzinger\n",
    "- Datum: 3/2/2026"
   ]
  },
  {
   "cell_type": "markdown",
   "id": "3534884a-67dc-4188-8996-88ea10550b82",
   "metadata": {},
   "source": [
    "## Deel I: Principal Component Analysis (PCA)\n",
    "\n",
    "Het _Principal Component Analysis_ (PCA) algoritme kan gebruikt worden om het aantal dimensies van een dataset te reduceren tot de belangrijkste componenten. Als de originele dataset $n$ dimensies heeft, dan kunnen we met onderstaande stappen dit terugbrengen tot een (zelfgekozen) aantal van $n^\\prime$ dimensies.\n",
    "\n",
    "1. Centreer de data.\n",
    "2. Bereken de covariantie van alle features onderling. \n",
    "3. Bereken de Eigenvectors en Eigenvalues van de covariantiematrix.\n",
    "4. Kies de $n^\\prime$ Eigenvectors om de dimensiereductie mee uit te voeren.\n",
    "5. Vermenigvuldig de $n^\\prime$ Eigenvectors met de originele data om de reductie toe te passen."
   ]
  },
  {
   "cell_type": "markdown",
   "id": "fb3b2f29",
   "metadata": {},
   "source": [
    "### Context\n",
    "\n",
    "Gegeven is een databestand met embeddings van 200 tekstfragmenten. Elke embedding bestaat in 15 dimensies, en is gelabeled met een categorie. We gaan dimensionaliteitsreductie toepassen om de data te kunnen plotten.\n",
    "\n",
    "De categorie geeft aan in welk genre de tekstfragmenten thuishoren. Daarnaast is onderscheid gemaakt tussen het perspectief waarin het fragment geschreven is: ik (1st person) of hij/haar/hen (3rd person):\n",
    "- Fantasy (1st person)\n",
    "- Fantasy (3rd person)\n",
    "- Science Fiction (1st person)\n",
    "- Science Fiction (3rd person)\n",
    "- Romance (1st person)\n",
    "- Romance (3rd person)\n",
    "- Crime (1st person)\n",
    "- Crime (3rd person)"
   ]
  },
  {
   "cell_type": "code",
   "execution_count": 1,
   "id": "04b09b57-0e54-42c9-8b45-31196859f1d9",
   "metadata": {},
   "outputs": [],
   "source": [
    "import numpy as np\n",
    "import pickle\n",
    "import matplotlib.pyplot as plt\n",
    "\n",
    "# Show floats on 3 digits, suppress scientific notation\n",
    "np.set_printoptions(precision=3, suppress=True)"
   ]
  },
  {
   "cell_type": "code",
   "execution_count": 2,
   "id": "7664c3a7",
   "metadata": {},
   "outputs": [
    {
     "data": {
      "text/html": [
       "<div><style>\n",
       ".dataframe > thead > tr,\n",
       ".dataframe > tbody > tr {\n",
       "  text-align: right;\n",
       "  white-space: pre-wrap;\n",
       "}\n",
       "</style>\n",
       "<small>shape: (5, 16)</small><table border=\"1\" class=\"dataframe\"><thead><tr><th>e_1</th><th>e_2</th><th>e_3</th><th>e_4</th><th>e_5</th><th>e_6</th><th>e_7</th><th>e_8</th><th>e_9</th><th>e_10</th><th>e_11</th><th>e_12</th><th>e_13</th><th>e_14</th><th>e_15</th><th>label</th></tr><tr><td>f64</td><td>f64</td><td>f64</td><td>f64</td><td>f64</td><td>f64</td><td>f64</td><td>f64</td><td>f64</td><td>f64</td><td>f64</td><td>f64</td><td>f64</td><td>f64</td><td>f64</td><td>str</td></tr></thead><tbody><tr><td>1.108966</td><td>0.827991</td><td>1.627138</td><td>0.925778</td><td>0.945613</td><td>3.722442</td><td>0.457359</td><td>2.669865</td><td>0.805594</td><td>1.061672</td><td>0.762532</td><td>1.0722</td><td>0.539163</td><td>0.620247</td><td>0.380938</td><td>&quot;Fantasy (1st person)&quot;</td></tr><tr><td>1.653362</td><td>1.554929</td><td>1.475294</td><td>0.677498</td><td>1.302392</td><td>3.866261</td><td>0.804821</td><td>3.102261</td><td>1.228692</td><td>0.793275</td><td>0.338367</td><td>1.633079</td><td>1.049915</td><td>1.0656</td><td>0.299805</td><td>&quot;Fantasy (1st person)&quot;</td></tr><tr><td>1.225105</td><td>1.216584</td><td>1.423586</td><td>1.248953</td><td>0.965199</td><td>3.774443</td><td>0.491922</td><td>2.882402</td><td>1.151147</td><td>0.659875</td><td>0.285644</td><td>1.344977</td><td>1.0466</td><td>1.127903</td><td>0.689821</td><td>&quot;Fantasy (1st person)&quot;</td></tr><tr><td>1.732045</td><td>1.577317</td><td>1.555516</td><td>1.323991</td><td>1.093897</td><td>3.89912</td><td>0.153112</td><td>2.815527</td><td>1.318954</td><td>0.530422</td><td>0.866516</td><td>1.354425</td><td>0.503422</td><td>0.952766</td><td>0.185922</td><td>&quot;Fantasy (1st person)&quot;</td></tr><tr><td>1.2672</td><td>1.169387</td><td>0.949254</td><td>0.692989</td><td>1.048017</td><td>3.948163</td><td>0.512988</td><td>3.215607</td><td>1.02247</td><td>0.983851</td><td>0.886414</td><td>1.369123</td><td>0.383284</td><td>0.710478</td><td>0.572426</td><td>&quot;Fantasy (1st person)&quot;</td></tr></tbody></table></div>"
      ],
      "text/plain": [
       "shape: (5, 16)\n",
       "┌──────────┬──────────┬──────────┬──────────┬───┬──────────┬──────────┬──────────┬──────────────┐\n",
       "│ e_1      ┆ e_2      ┆ e_3      ┆ e_4      ┆ … ┆ e_13     ┆ e_14     ┆ e_15     ┆ label        │\n",
       "│ ---      ┆ ---      ┆ ---      ┆ ---      ┆   ┆ ---      ┆ ---      ┆ ---      ┆ ---          │\n",
       "│ f64      ┆ f64      ┆ f64      ┆ f64      ┆   ┆ f64      ┆ f64      ┆ f64      ┆ str          │\n",
       "╞══════════╪══════════╪══════════╪══════════╪═══╪══════════╪══════════╪══════════╪══════════════╡\n",
       "│ 1.108966 ┆ 0.827991 ┆ 1.627138 ┆ 0.925778 ┆ … ┆ 0.539163 ┆ 0.620247 ┆ 0.380938 ┆ Fantasy (1st │\n",
       "│          ┆          ┆          ┆          ┆   ┆          ┆          ┆          ┆ person)      │\n",
       "│ 1.653362 ┆ 1.554929 ┆ 1.475294 ┆ 0.677498 ┆ … ┆ 1.049915 ┆ 1.0656   ┆ 0.299805 ┆ Fantasy (1st │\n",
       "│          ┆          ┆          ┆          ┆   ┆          ┆          ┆          ┆ person)      │\n",
       "│ 1.225105 ┆ 1.216584 ┆ 1.423586 ┆ 1.248953 ┆ … ┆ 1.0466   ┆ 1.127903 ┆ 0.689821 ┆ Fantasy (1st │\n",
       "│          ┆          ┆          ┆          ┆   ┆          ┆          ┆          ┆ person)      │\n",
       "│ 1.732045 ┆ 1.577317 ┆ 1.555516 ┆ 1.323991 ┆ … ┆ 0.503422 ┆ 0.952766 ┆ 0.185922 ┆ Fantasy (1st │\n",
       "│          ┆          ┆          ┆          ┆   ┆          ┆          ┆          ┆ person)      │\n",
       "│ 1.2672   ┆ 1.169387 ┆ 0.949254 ┆ 0.692989 ┆ … ┆ 0.383284 ┆ 0.710478 ┆ 0.572426 ┆ Fantasy (1st │\n",
       "│          ┆          ┆          ┆          ┆   ┆          ┆          ┆          ┆ person)      │\n",
       "└──────────┴──────────┴──────────┴──────────┴───┴──────────┴──────────┴──────────┴──────────────┘"
      ]
     },
     "execution_count": 2,
     "metadata": {},
     "output_type": "execute_result"
    }
   ],
   "source": [
    "with open('data.pkl', 'rb') as file:\n",
    "    data = pickle.load(file)\n",
    "\n",
    "data.head(5)"
   ]
  },
  {
   "cell_type": "markdown",
   "id": "2980f9eb",
   "metadata": {},
   "source": [
    "### Voorbereidende opdracht\n",
    "\n",
    "Gegeven een dataset met $m$ datapunten met elk $n$ features en een gewenste reductie tot $n^\\prime$ dimensies. Bepaal voor elk van de vijf stappen van het algoritme wat de dimensies (oftewel `shape`) is van de volgende tussenresultaten:\n",
    "\n",
    "1. De matrix met de originele dataset.\n",
    "2. De matrix met de gemiddelden per feature om de data mee te centreren.\n",
    "3. De covariantiematrix.\n",
    "4. De matrix met de Eigenvectors en de matrix met de Eigenvalues.\n",
    "5. De matrix met de _geselecteerde_ Eigenvectors.\n",
    "6. De matrix met de _gereduceerde_ data."
   ]
  },
  {
   "cell_type": "markdown",
   "id": "22e5ee34",
   "metadata": {
    "tags": [
     "student"
    ]
   },
   "source": [
    "**Antwoorden:**  \n",
    "\n",
    "Ik heb een aantal prints in de PCA-functie gezet om te laten zien wat de dimensies van de matrices zijn tijdens het doorlopen van de stappen van PCA. Verder heb ik ook in de prints gezet waarvan elke dimensie afhangt (datapunten, features, n_components).\n",
    "\n",
    "1. Het aantal dimensies van de originele dataset hangt af van het aantal datapunten en het aantal features; dus $D^{m \\times n}$ of $D^{n \\times m}$\n",
    "\n",
    "2. Het aantal dimensies van de matrix met de gemiddelden per feature wordt bepaald door het aantal dimensies van de originele dateset. Om van elke waarde in de dataset het gemiddelde af te kunnen halen kunnen we een matrix gebruiken met het gemiddelde van elke feature (rij of kolom; afhankelijk van het format); dus $D^{m \\times n}$ of $D^{n \\times m}$\n",
    "\n",
    "- 2,5. We zouden ook een vector kunnen gebruiken en de vector met shape $D^{n \\times 1}$ broadcasten over de matrix. (Dit is ook wat numpy doet.)\n",
    "\n",
    "3. Het aantal dimensies van de covariantiematrix is afhankelijk van het aantal features, omdat we elke feature met elke andere feature willen vergelijken; dus $D^{n \\times n}$   \n",
    "\n",
    "4. De matrix met de eigenvectors is even groot als de covariantiematrix, omdat de covariantiematrix symetrisch is zijn er het maximale aantal eigenvectors; dus $D^{n \\times n}$  \n",
    "De vector met de eigenvalues heeft het zelfde aantal dimensies als het aantal features; dus $D^{n \\times 1}$\n",
    "\n",
    "5. Het aantal dimensies van de geselcteerde eigenvectors hangt af van het aantal eigenvectors die behouden blijven en het aantal features; dus $D^{n' \\times n}$ of $D^{n \\times n'}$\n",
    "\n",
    "6. Het aantal dimensies van de gereduceerde data is afhankelijk van het aantal gekozen eigenvectors en het aantal datapunten; dus $D^{m \\times n'}$ of $D^{n' \\times m}$\n"
   ]
  },
  {
   "cell_type": "markdown",
   "id": "813aa2fd",
   "metadata": {},
   "source": [
    "### Opdracht 1. Implementatie\n",
    "\n",
    "Schrijf een eigen implementatie van het PCA-algoritme `compute_pca(X, n_components)` volgens eerdergenoemde stappen van het algoritme. Maak slim gebruik van fucties van `numpy` waar mogelijk, maar zorg wel dat je begrijpt wat je in elke stap doet. De laatste stap is al gegeven in de functiedefinitie hieronder.\n",
    "\n",
    "Hint: Laat bij stap 3. zien (bijvoorbeeld met een `print()` statement) dat de meest informatieve Eigenvalue al meer dan 50% van de informatie bevat van onze dataset.\n",
    "\n",
    "#### Input\n",
    "- `X: numpy.array` - numpy matrix met dimensies $(m, n)$; elke rij is een datapunt in $n$ dimensies\n",
    "- `n_components: int` - het gewenste aantal dimensies $n^\\prime$\n",
    "\n",
    "#### Output\n",
    "`X_reduced: numpy.array` - een $(m, n^\\prime)$ numpy matrix met de gereduceerde data."
   ]
  },
  {
   "cell_type": "code",
   "execution_count": null,
   "id": "4fdff3a0",
   "metadata": {},
   "outputs": [],
   "source": [
    "def compute_pca(X, n_components, prints=False):\n",
    "    \"\"\"\n",
    "    Parameters\n",
    "    ----------\n",
    "    X : numpy.ndarray\n",
    "        Input data matrix of shape (m, n), where m is the number of samples and n is the number of features.\n",
    "    n_components : int\n",
    "        The number of principal components (dimensions) to keep.\n",
    "    prints : boolean\n",
    "        Whether or not to print the pca process.\n",
    "\n",
    "    Returns\n",
    "    -------\n",
    "    X_reduced : numpy.ndarray\n",
    "        The data projected onto the top n_components principal components.\n",
    "    \"\"\"\n",
    "    matrix = np.array(X)\n",
    "\n",
    "    # Step 1: Center or normalize the matrix\n",
    "    centered_data = matrix - matrix.mean(axis=0)  # axis 0 is the vertical axis, thus mean/ of each column.\n",
    "    # normalized_data = (matrix - matrix.mean(axis=0)) / matrix.std(axis=0)  # We could also normalize the data\n",
    "\n",
    "    # Step 2: Calculate the covariance matrix\n",
    "    covariance_matrix = np.cov(centered_data, rowvar = False)\n",
    "\n",
    "    # Step 3: Calculate eigenvalues and eigenvectors\n",
    "    eigenvalues, eigenvectors = np.linalg.eigh(covariance_matrix)\n",
    "    sorting_helper = np.argsort(eigenvalues)[::-1]\n",
    "    sorted_eigenvalues = eigenvalues[sorting_helper]\n",
    "    sorted_eigenvectors = eigenvectors[:,sorting_helper]\n",
    "    eigenvalue_impact = sorted_eigenvalues / sum(sorted_eigenvalues)\n",
    "\n",
    "    # Step 4: Select eigenvectors (pc's, principal components) to keep\n",
    "    selected_eigenvectors = sorted_eigenvectors[:,:n_components]\n",
    "\n",
    "    # Prints:\n",
    "    if prints:\n",
    "        print(\"Data matrix shape (datapoints, features):\", matrix.shape, sep=\"\\n\", end=\"\\n\\n\")\n",
    "        print(\"Data matrix:\", matrix, sep=\"\\n\", end=\"\\n\\n\")\n",
    "        print(\"Mean vector shape (features, 1):\", matrix.mean(axis=0).shape, sep=\"\\n\", end=\"\\n\\n\")\n",
    "        print(\"Mean vector -> getting broadcast:\", matrix.mean(axis=0), sep=\"\\n\", end=\"\\n\\n\")\n",
    "        print(\"Centered data shape (datapoints, features):\", centered_data.shape, sep=\"\\n\", end=\"\\n\\n\")\n",
    "        print(\"Centered Data:\", centered_data, sep=\"\\n\", end=\"\\n\\n\")\n",
    "        print(\"Covariance matrix shape (features, features):\", covariance_matrix.shape, sep=\"\\n\", end=\"\\n\\n\")\n",
    "        print(\"Covariance matrix:\", covariance_matrix, sep=\"\\n\", end=\"\\n\\n\")\n",
    "        print(\"Eigenvalues shape (features, 1):\", eigenvalues.shape, sep=\"\\n\", end=\"\\n\\n\")\n",
    "        print(\"Eigenvalues:\", eigenvalues, sep=\"\\n\", end=\"\\n\\n\")\n",
    "        print(\"Eigenvectors shape (features, features):\", eigenvectors.shape, sep=\"\\n\", end=\"\\n\\n\")\n",
    "        print(\"Eigenvectors:\", eigenvectors, sep=\"\\n\", end=\"\\n\\n\")\n",
    "        print(\"Sorting helper (indices):\", sorting_helper, sep=\"\\n\", end=\"\\n\\n\")\n",
    "        print(\"Sorted eigenvalues shape (features, 1):\", sorted_eigenvalues.shape, sep=\"\\n\", end=\"\\n\\n\")\n",
    "        print(\"Sorted eigenvalues:\", sorted_eigenvalues, sep=\"\\n\", end=\"\\n\\n\")\n",
    "        print(\"Eigenvalue impact (percentage of impact):\", eigenvalue_impact, sep=\"\\n\", end=\"\\n\\n\")\n",
    "        print(\"Sorted eigenvectors shape (features, features):\", sorted_eigenvectors.shape, sep=\"\\n\", end=\"\\n\\n\")\n",
    "        print(\"Sorted eigenvectors:\", sorted_eigenvectors, sep=\"\\n\", end=\"\\n\\n\")\n",
    "        print(\"Selected eigenvectors shape (features, n_components):\", selected_eigenvectors.shape, sep=\"\\n\", end=\"\\n\\n\")\n",
    "        print(\"Selected eigenvectors:\", selected_eigenvectors, sep=\"\\n\", end=\"\\n\\n\")\n",
    "        print(\"Result shape (datapoints, n_components):\", (centered_data @ selected_eigenvectors).shape, sep=\"\\n\", end=\"\\n\\n\")\n",
    "        print(\"Result:\", centered_data @ selected_eigenvectors, sep=\"\\n\", end=\"\\n\\n\")\n",
    "\n",
    "    # Stap 5: Multiply chosen eigenvectors with the centered or normalized dataset.\n",
    "    return centered_data @ selected_eigenvectors"
   ]
  },
  {
   "cell_type": "markdown",
   "id": "3a85ae46-2ef9-46f8-b1c7-5f03c1bda36f",
   "metadata": {},
   "source": [
    "#### Test-scenario\n",
    "Onderstaande code zou de volgende output moeten opleveren (het minteken kan wisselen):\n",
    "\n",
    "```python\n",
    "[[ 0.43437323 -0.49820384]\n",
    " [ 0.42077249  0.50351448]\n",
    " [-0.85514571 -0.00531064]]\n",
    " ```"
   ]
  },
  {
   "cell_type": "code",
   "execution_count": 4,
   "id": "9bd62100",
   "metadata": {},
   "outputs": [
    {
     "name": "stdout",
     "output_type": "stream",
     "text": [
      "Data matrix shape (datapoints, features):\n",
      "(3, 10)\n",
      "\n",
      "Data matrix:\n",
      "[[0.417 0.72  0.    0.302 0.147 0.092 0.186 0.346 0.397 0.539]\n",
      " [0.419 0.685 0.204 0.878 0.027 0.67  0.417 0.559 0.14  0.198]\n",
      " [0.801 0.968 0.313 0.692 0.876 0.895 0.085 0.039 0.17  0.878]]\n",
      "\n",
      "Mean vector shape (features, 1):\n",
      "(10,)\n",
      "\n",
      "Mean vector -> getting broadcast:\n",
      "[0.546 0.791 0.173 0.624 0.35  0.552 0.23  0.314 0.236 0.538]\n",
      "\n",
      "Centered data shape (datapoints, features):\n",
      "(3, 10)\n",
      "\n",
      "Centered Data:\n",
      "[[-0.129 -0.071 -0.173 -0.322 -0.203 -0.46  -0.043  0.031  0.161  0.   ]\n",
      " [-0.126 -0.106  0.032  0.254 -0.323  0.118  0.188  0.244 -0.095 -0.34 ]\n",
      " [ 0.255  0.177  0.141  0.068  0.526  0.342 -0.144 -0.275 -0.066  0.34 ]]\n",
      "\n",
      "Covariance matrix shape (features, features):\n",
      "(10, 10)\n",
      "\n",
      "Covariance matrix:\n",
      "[[ 0.049  0.034  0.027  0.013  0.101  0.066 -0.028 -0.053 -0.013  0.065]\n",
      " [ 0.034  0.024  0.017  0.004  0.071  0.04  -0.021 -0.038 -0.006  0.048]\n",
      " [ 0.027  0.017  0.025  0.037  0.049  0.066 -0.003 -0.018 -0.02   0.018]\n",
      " [ 0.013  0.004  0.037  0.086  0.01   0.101  0.026  0.017 -0.04  -0.032]\n",
      " [ 0.101  0.071  0.049  0.01   0.211  0.118 -0.064 -0.115 -0.018  0.144]\n",
      " [ 0.066  0.04   0.066  0.101  0.118  0.171 -0.004 -0.04  -0.054  0.038]\n",
      " [-0.028 -0.021 -0.003  0.026 -0.064 -0.004  0.029  0.042 -0.008 -0.057]\n",
      " [-0.053 -0.038 -0.018  0.017 -0.115 -0.04   0.042  0.068 -0.    -0.088]\n",
      " [-0.013 -0.006 -0.02  -0.04  -0.018 -0.054 -0.008 -0.     0.02   0.005]\n",
      " [ 0.065  0.048  0.018 -0.032  0.144  0.038 -0.057 -0.088  0.005  0.116]]\n",
      "\n",
      "Eigenvalues shape (features, 1):\n",
      "(10,)\n",
      "\n",
      "Eigenvalues:\n",
      "[-0.    -0.    -0.    -0.     0.     0.     0.     0.     0.251  0.549]\n",
      "\n",
      "Eigenvectors shape (features, features):\n",
      "(10, 10)\n",
      "\n",
      "Eigenvectors:\n",
      "[[ 0.425  0.142  0.254  0.018  0.231 -0.077  0.007 -0.766  0.002 -0.298]\n",
      " [ 0.826 -0.04   0.021 -0.008 -0.089  0.122 -0.019  0.499  0.038 -0.207]\n",
      " [-0.068 -0.518  0.249 -0.28  -0.06  -0.104 -0.71  -0.008 -0.202 -0.166]\n",
      " [-0.068  0.492  0.032  0.257 -0.126  0.48  -0.321  0.012 -0.574 -0.083]\n",
      " [-0.286  0.309  0.118 -0.424  0.386  0.051  0.074  0.28   0.128 -0.615]\n",
      " [-0.062 -0.403 -0.209  0.301  0.135 -0.206  0.383  0.049 -0.572 -0.404]\n",
      " [ 0.181  0.234 -0.696 -0.364  0.236 -0.315 -0.234 -0.061 -0.233  0.168]\n",
      " [ 0.042  0.246  0.499  0.198  0.362 -0.538 -0.054  0.276 -0.217  0.321]\n",
      " [-0.004 -0.221 -0.189  0.413  0.697  0.339 -0.267  0.048  0.255  0.079]\n",
      " [-0.092  0.213 -0.211  0.493 -0.283 -0.435 -0.334  0.04   0.345 -0.395]]\n",
      "\n",
      "Sorting helper (indices):\n",
      "[9 8 7 6 5 4 3 2 1 0]\n",
      "\n",
      "Sorted eigenvalues shape (features, 1):\n",
      "(10,)\n",
      "\n",
      "Sorted eigenvalues:\n",
      "[ 0.549  0.251  0.     0.     0.     0.    -0.    -0.    -0.    -0.   ]\n",
      "\n",
      "Eigenvalue impact:\n",
      "[ 0.686  0.314  0.     0.     0.     0.    -0.    -0.    -0.    -0.   ]\n",
      "\n",
      "Sorted eigenvectors shape (features, features):\n",
      "(10, 10)\n",
      "\n",
      "Sorted eigenvectors:\n",
      "[[-0.298  0.002 -0.766  0.007 -0.077  0.231  0.018  0.254  0.142  0.425]\n",
      " [-0.207  0.038  0.499 -0.019  0.122 -0.089 -0.008  0.021 -0.04   0.826]\n",
      " [-0.166 -0.202 -0.008 -0.71  -0.104 -0.06  -0.28   0.249 -0.518 -0.068]\n",
      " [-0.083 -0.574  0.012 -0.321  0.48  -0.126  0.257  0.032  0.492 -0.068]\n",
      " [-0.615  0.128  0.28   0.074  0.051  0.386 -0.424  0.118  0.309 -0.286]\n",
      " [-0.404 -0.572  0.049  0.383 -0.206  0.135  0.301 -0.209 -0.403 -0.062]\n",
      " [ 0.168 -0.233 -0.061 -0.234 -0.315  0.236 -0.364 -0.696  0.234  0.181]\n",
      " [ 0.321 -0.217  0.276 -0.054 -0.538  0.362  0.198  0.499  0.246  0.042]\n",
      " [ 0.079  0.255  0.048 -0.267  0.339  0.697  0.413 -0.189 -0.221 -0.004]\n",
      " [-0.395  0.345  0.04  -0.334 -0.435 -0.283  0.493 -0.211  0.213 -0.092]]\n",
      "\n",
      "Selected eigenvectors shape (features, n_components):\n",
      "(10, 2)\n",
      "\n",
      "Selected eigenvectors:\n",
      "[[-0.298  0.002]\n",
      " [-0.207  0.038]\n",
      " [-0.166 -0.202]\n",
      " [-0.083 -0.574]\n",
      " [-0.615  0.128]\n",
      " [-0.404 -0.572]\n",
      " [ 0.168 -0.233]\n",
      " [ 0.321 -0.217]\n",
      " [ 0.079  0.255]\n",
      " [-0.395  0.345]]\n",
      "\n",
      "Result shape (datapoints, n_components):\n",
      "(3, 2)\n",
      "\n",
      "Result:\n",
      "[[ 0.434  0.498]\n",
      " [ 0.421 -0.504]\n",
      " [-0.855  0.005]]\n",
      "\n"
     ]
    }
   ],
   "source": [
    "np.random.seed(1)\n",
    "X = np.random.rand(3, 10)\n",
    "X_reduced = compute_pca(X, n_components=2, prints=True)"
   ]
  },
  {
   "cell_type": "markdown",
   "id": "12e3f802-0acc-4646-820c-c7df47d3dbbd",
   "metadata": {},
   "source": [
    "### Opdracht 2. Visualisatie met dimensiereductie\n",
    "\n",
    "Maak op basis van de aangeleverde `data` een numpy array van de datapunten, en gebruik je PCA-implementatie om een 2D- en 3D-weergave van de data te maken. Maak van elke weergave een plot, waarbij iedere categorie een eigen kleur krijgt."
   ]
  },
  {
   "cell_type": "code",
   "execution_count": 5,
   "id": "9e50dd9e",
   "metadata": {
    "tags": [
     "student"
    ]
   },
   "outputs": [],
   "source": [
    "# TODO: Schrijf hier je code."
   ]
  },
  {
   "cell_type": "code",
   "execution_count": 6,
   "id": "68a1d424",
   "metadata": {
    "tags": [
     "student"
    ]
   },
   "outputs": [],
   "source": [
    "# TODO: Schrijf hier je code."
   ]
  },
  {
   "cell_type": "markdown",
   "id": "04c179dc-cd4d-482c-bc91-afc04ee4eea9",
   "metadata": {},
   "source": [
    "### Opdracht 3. Analyse\n",
    "\n",
    "Analyseer de resultaten:\n",
    "1. Welke categorieën zijn op basis van de PCA-reductie te onderscheiden, en welke niet? \n",
    "2. Geef aan hoeveel procent van de informatie bewaard is gebleven in 2D en 3D respectievelijk.\n",
    "3. Hoeveel dimensies zijn nodig om 90% van de informatie te bewaren?\n",
    "4. En voor 95%?"
   ]
  },
  {
   "cell_type": "markdown",
   "id": "631701af",
   "metadata": {
    "tags": [
     "student"
    ]
   },
   "source": [
    "_Schrijf hier je antwoord._"
   ]
  },
  {
   "cell_type": "markdown",
   "id": "8f183ac9-196f-4f33-9386-3ad9ae551003",
   "metadata": {},
   "source": [
    "## Deel II: t-Distributed Stochastic Neighbour Embedding (t-SNE)\n",
    "\n",
    "Een alternatieve methode voor dimensiereductie is _t-Distributed Stochastic Neighbour Embedding_ (t-SNE). \n",
    "\n",
    "### Opdracht 4. Toepassing\n",
    "Gebruik SciKit-Learn om met behulp van t-SNE de data tot 2 dimensies te reduceren en plot het resultaat (wederom met kleuren voor de categorien). "
   ]
  },
  {
   "cell_type": "code",
   "execution_count": 7,
   "id": "6e196b4e",
   "metadata": {
    "tags": [
     "student"
    ]
   },
   "outputs": [],
   "source": [
    "# TODO: Schrijf hier je code."
   ]
  },
  {
   "cell_type": "markdown",
   "id": "b30a58b3-c66e-4d0f-9cbd-231e490740c9",
   "metadata": {},
   "source": [
    "### Opdracht 5. Vergelijking\n",
    "\n",
    "Vergelijk deze met de resultaten van je PCA-implementatie:\n",
    "\n",
    "1. Hoe verhoudt de zichtbaarheid van de categorieën zich tussen beide resultaten?\n",
    "2. Hoe verhouden de algoritmes zich in het behoud van informatie?\n",
    "\n",
    "Beantwoord de volgende vragen los van de data van deze opdracht:\n",
    "\n",
    "3. Waarvoor zou je PCA en t-SNE inzetten als je te maken krijgt met een onbekende (mogelijk ongelabelde) dataset?\n",
    "4. Geef een voorbeeld waar PCA de voorkeur heeft boven t-SNE.\n",
    "5. Geef een voorbeeld waar t-SNE de voorkeur heeft boven PCA."
   ]
  },
  {
   "cell_type": "markdown",
   "id": "0c411da7",
   "metadata": {
    "tags": [
     "student"
    ]
   },
   "source": [
    "_Schrijf hier je antwoord._"
   ]
  },
  {
   "cell_type": "markdown",
   "id": "114c8fa6-0c5d-4aab-8938-aa213dc90904",
   "metadata": {},
   "source": [
    "### Opdracht 6. Project\n",
    "\n",
    "Als het goed is, heb je op dit moment een eerste idee van de data waar je in het project mee gaat werken. Geef antwoord op onderstaande vragen.\n",
    "\n",
    "1. Wat is de dimensionaliteit waar je mee te maken hebt?\n",
    "2. Beschrijf hoe dimensionaliteitsreductie-algoritmen je kunnen helpen de data te verkennen."
   ]
  },
  {
   "cell_type": "markdown",
   "id": "8d28386d",
   "metadata": {
    "tags": [
     "student"
    ]
   },
   "source": [
    "_Schrijf hier je antwoord._"
   ]
  }
 ],
 "metadata": {
  "kernelspec": {
   "display_name": "base",
   "language": "python",
   "name": "python3"
  },
  "language_info": {
   "codemirror_mode": {
    "name": "ipython",
    "version": 3
   },
   "file_extension": ".py",
   "mimetype": "text/x-python",
   "name": "python",
   "nbconvert_exporter": "python",
   "pygments_lexer": "ipython3",
   "version": "3.12.4"
  }
 },
 "nbformat": 4,
 "nbformat_minor": 5
}
