{
 "cells": [
  {
   "cell_type": "markdown",
   "id": "8429cca4",
   "metadata": {},
   "source": [
    "# Dimensiereductie\n",
    "\n",
    "Auteurs: Brian van der Bijl (brian.vanderbijl@hu.nl), Tijmen Muller"
   ]
  },
  {
   "cell_type": "markdown",
   "id": "90693c47",
   "metadata": {},
   "source": [
    "- Studentnummer: 1853447 \n",
    "- Naam: Dominik Enzinger\n",
    "- Datum: 3/2/2026"
   ]
  },
  {
   "cell_type": "markdown",
   "id": "3534884a-67dc-4188-8996-88ea10550b82",
   "metadata": {},
   "source": [
    "## Deel I: Principal Component Analysis (PCA)\n",
    "\n",
    "Het _Principal Component Analysis_ (PCA) algoritme kan gebruikt worden om het aantal dimensies van een dataset te reduceren tot de belangrijkste componenten. Als de originele dataset $n$ dimensies heeft, dan kunnen we met onderstaande stappen dit terugbrengen tot een (zelfgekozen) aantal van $n^\\prime$ dimensies.\n",
    "\n",
    "1. Centreer de data.\n",
    "2. Bereken de covariantie van alle features onderling. \n",
    "3. Bereken de Eigenvectors en Eigenvalues van de covariantiematrix.\n",
    "4. Kies de $n^\\prime$ Eigenvectors om de dimensiereductie mee uit te voeren.\n",
    "5. Vermenigvuldig de $n^\\prime$ Eigenvectors met de originele data om de reductie toe te passen."
   ]
  },
  {
   "cell_type": "markdown",
   "id": "fb3b2f29",
   "metadata": {},
   "source": [
    "### Context\n",
    "\n",
    "Gegeven is een databestand met embeddings van 200 tekstfragmenten. Elke embedding bestaat in 15 dimensies, en is gelabeled met een categorie. We gaan dimensionaliteitsreductie toepassen om de data te kunnen plotten.\n",
    "\n",
    "De categorie geeft aan in welk genre de tekstfragmenten thuishoren. Daarnaast is onderscheid gemaakt tussen het perspectief waarin het fragment geschreven is: ik (1st person) of hij/haar/hen (3rd person):\n",
    "- Fantasy (1st person)\n",
    "- Fantasy (3rd person)\n",
    "- Science Fiction (1st person)\n",
    "- Science Fiction (3rd person)\n",
    "- Romance (1st person)\n",
    "- Romance (3rd person)\n",
    "- Crime (1st person)\n",
    "- Crime (3rd person)"
   ]
  },
  {
   "cell_type": "code",
   "execution_count": 18,
   "id": "04b09b57-0e54-42c9-8b45-31196859f1d9",
   "metadata": {},
   "outputs": [],
   "source": [
    "import numpy as np\n",
    "import pickle\n",
    "import matplotlib.pyplot as plt\n",
    "\n",
    "# Show floats on 3 digits, suppress scientific notation\n",
    "np.set_printoptions(precision=3, suppress=True)"
   ]
  },
  {
   "cell_type": "code",
   "execution_count": 19,
   "id": "7664c3a7",
   "metadata": {},
   "outputs": [
    {
     "data": {
      "text/html": [
       "<div><style>\n",
       ".dataframe > thead > tr,\n",
       ".dataframe > tbody > tr {\n",
       "  text-align: right;\n",
       "  white-space: pre-wrap;\n",
       "}\n",
       "</style>\n",
       "<small>shape: (5, 16)</small><table border=\"1\" class=\"dataframe\"><thead><tr><th>e_1</th><th>e_2</th><th>e_3</th><th>e_4</th><th>e_5</th><th>e_6</th><th>e_7</th><th>e_8</th><th>e_9</th><th>e_10</th><th>e_11</th><th>e_12</th><th>e_13</th><th>e_14</th><th>e_15</th><th>label</th></tr><tr><td>f64</td><td>f64</td><td>f64</td><td>f64</td><td>f64</td><td>f64</td><td>f64</td><td>f64</td><td>f64</td><td>f64</td><td>f64</td><td>f64</td><td>f64</td><td>f64</td><td>f64</td><td>str</td></tr></thead><tbody><tr><td>1.108966</td><td>0.827991</td><td>1.627138</td><td>0.925778</td><td>0.945613</td><td>3.722442</td><td>0.457359</td><td>2.669865</td><td>0.805594</td><td>1.061672</td><td>0.762532</td><td>1.0722</td><td>0.539163</td><td>0.620247</td><td>0.380938</td><td>&quot;Fantasy (1st person)&quot;</td></tr><tr><td>1.653362</td><td>1.554929</td><td>1.475294</td><td>0.677498</td><td>1.302392</td><td>3.866261</td><td>0.804821</td><td>3.102261</td><td>1.228692</td><td>0.793275</td><td>0.338367</td><td>1.633079</td><td>1.049915</td><td>1.0656</td><td>0.299805</td><td>&quot;Fantasy (1st person)&quot;</td></tr><tr><td>1.225105</td><td>1.216584</td><td>1.423586</td><td>1.248953</td><td>0.965199</td><td>3.774443</td><td>0.491922</td><td>2.882402</td><td>1.151147</td><td>0.659875</td><td>0.285644</td><td>1.344977</td><td>1.0466</td><td>1.127903</td><td>0.689821</td><td>&quot;Fantasy (1st person)&quot;</td></tr><tr><td>1.732045</td><td>1.577317</td><td>1.555516</td><td>1.323991</td><td>1.093897</td><td>3.89912</td><td>0.153112</td><td>2.815527</td><td>1.318954</td><td>0.530422</td><td>0.866516</td><td>1.354425</td><td>0.503422</td><td>0.952766</td><td>0.185922</td><td>&quot;Fantasy (1st person)&quot;</td></tr><tr><td>1.2672</td><td>1.169387</td><td>0.949254</td><td>0.692989</td><td>1.048017</td><td>3.948163</td><td>0.512988</td><td>3.215607</td><td>1.02247</td><td>0.983851</td><td>0.886414</td><td>1.369123</td><td>0.383284</td><td>0.710478</td><td>0.572426</td><td>&quot;Fantasy (1st person)&quot;</td></tr></tbody></table></div>"
      ],
      "text/plain": [
       "shape: (5, 16)\n",
       "┌──────────┬──────────┬──────────┬──────────┬───┬──────────┬──────────┬──────────┬──────────────┐\n",
       "│ e_1      ┆ e_2      ┆ e_3      ┆ e_4      ┆ … ┆ e_13     ┆ e_14     ┆ e_15     ┆ label        │\n",
       "│ ---      ┆ ---      ┆ ---      ┆ ---      ┆   ┆ ---      ┆ ---      ┆ ---      ┆ ---          │\n",
       "│ f64      ┆ f64      ┆ f64      ┆ f64      ┆   ┆ f64      ┆ f64      ┆ f64      ┆ str          │\n",
       "╞══════════╪══════════╪══════════╪══════════╪═══╪══════════╪══════════╪══════════╪══════════════╡\n",
       "│ 1.108966 ┆ 0.827991 ┆ 1.627138 ┆ 0.925778 ┆ … ┆ 0.539163 ┆ 0.620247 ┆ 0.380938 ┆ Fantasy (1st │\n",
       "│          ┆          ┆          ┆          ┆   ┆          ┆          ┆          ┆ person)      │\n",
       "│ 1.653362 ┆ 1.554929 ┆ 1.475294 ┆ 0.677498 ┆ … ┆ 1.049915 ┆ 1.0656   ┆ 0.299805 ┆ Fantasy (1st │\n",
       "│          ┆          ┆          ┆          ┆   ┆          ┆          ┆          ┆ person)      │\n",
       "│ 1.225105 ┆ 1.216584 ┆ 1.423586 ┆ 1.248953 ┆ … ┆ 1.0466   ┆ 1.127903 ┆ 0.689821 ┆ Fantasy (1st │\n",
       "│          ┆          ┆          ┆          ┆   ┆          ┆          ┆          ┆ person)      │\n",
       "│ 1.732045 ┆ 1.577317 ┆ 1.555516 ┆ 1.323991 ┆ … ┆ 0.503422 ┆ 0.952766 ┆ 0.185922 ┆ Fantasy (1st │\n",
       "│          ┆          ┆          ┆          ┆   ┆          ┆          ┆          ┆ person)      │\n",
       "│ 1.2672   ┆ 1.169387 ┆ 0.949254 ┆ 0.692989 ┆ … ┆ 0.383284 ┆ 0.710478 ┆ 0.572426 ┆ Fantasy (1st │\n",
       "│          ┆          ┆          ┆          ┆   ┆          ┆          ┆          ┆ person)      │\n",
       "└──────────┴──────────┴──────────┴──────────┴───┴──────────┴──────────┴──────────┴──────────────┘"
      ]
     },
     "execution_count": 19,
     "metadata": {},
     "output_type": "execute_result"
    }
   ],
   "source": [
    "with open('data.pkl', 'rb') as file:\n",
    "    data = pickle.load(file)\n",
    "\n",
    "data.head(5)"
   ]
  },
  {
   "cell_type": "markdown",
   "id": "2980f9eb",
   "metadata": {},
   "source": [
    "### Voorbereidende opdracht\n",
    "\n",
    "Gegeven een dataset met $m$ datapunten met elk $n$ features en een gewenste reductie tot $n^\\prime$ dimensies. Bepaal voor elk van de vijf stappen van het algoritme wat de dimensies (oftewel `shape`) is van de volgende tussenresultaten:\n",
    "\n",
    "1. De matrix met de originele dataset.\n",
    "2. De matrix met de gemiddelden per feature om de data mee te centreren.\n",
    "3. De covariantiematrix.\n",
    "4. De matrix met de Eigenvectors en de matrix met de Eigenvalues.\n",
    "5. De matrix met de _geselecteerde_ Eigenvectors.\n",
    "6. De matrix met de _gereduceerde_ data."
   ]
  },
  {
   "cell_type": "markdown",
   "id": "22e5ee34",
   "metadata": {
    "tags": [
     "student"
    ]
   },
   "source": [
    "**Antwoorden:**  \n",
    "1. Het aantal dimensies van de originele dataset hangt af van het aantal features; dus $D^{n \\times m}$\n",
    "\n",
    "2. Het aantal dimensies van de matrix met de gemiddelden per feature wordt bepaald door het aantal dimensies van de originele dateset. Om van elke waarde in de dataset het gemiddelde af te kunnen halen kunnen we een matrix gebruiken met het gemiddelde van elke feature (rij of kolom; afhankelijk van het format); dus $D^{n \\times m}$ \n",
    "\n",
    "- 2,5. We zouden ook een vector kunnen gebruiken en de vector broadcasten over de matrix. (Voor de implementatie is er helemaal geen extra matrix of vector nodig omdat numpy, numpy magic kan toepassen.)\n",
    "\n",
    "3. Het aantal dimensies van de covariantiematrix is afhankelijk van het aantal features, omdat we elke feature met elke andere feature willen vergelijken; dus $D^{n \\times n}$   \n",
    "\n",
    "4. De matrix met de eigenvectors is even groot als de covariantiematrix, omdat de covariantiematrix symetrisch is zijn er het maximale aantal eigenvectors; dus $D^{n \\times n}$  \n",
    "De vector met de eigenvalues heeft het zelfde aantal dimensies als het aantal features; dus $D^{n \\times 1}$\n",
    "\n",
    "5. Het aantal dimensies van de geselcteerde eigenvectors hangt af van het aantal eigenvectors die behouden blijven en het aantal datapunten; dus $D^{n' \\times m}$\n"
   ]
  },
  {
   "cell_type": "markdown",
   "id": "813aa2fd",
   "metadata": {},
   "source": [
    "### Opdracht 1. Implementatie\n",
    "\n",
    "Schrijf een eigen implementatie van het PCA-algoritme `compute_pca(X, n_components)` volgens eerdergenoemde stappen van het algoritme. Maak slim gebruik van fucties van `numpy` waar mogelijk, maar zorg wel dat je begrijpt wat je in elke stap doet. De laatste stap is al gegeven in de functiedefinitie hieronder.\n",
    "\n",
    "Hint: Laat bij stap 3. zien (bijvoorbeeld met een `print()` statement) dat de meest informatieve Eigenvalue al meer dan 50% van de informatie bevat van onze dataset.\n",
    "\n",
    "#### Input\n",
    "- `X: numpy.array` - numpy matrix met dimensies $(m, n)$; elke rij is een datapunt in $n$ dimensies\n",
    "- `n_components: int` - het gewenste aantal dimensies $n^\\prime$\n",
    "\n",
    "#### Output\n",
    "`X_reduced: numpy.array` - een $(m, n^\\prime)$ numpy matrix met de gereduceerde data."
   ]
  },
  {
   "cell_type": "code",
   "execution_count": 25,
   "id": "4fdff3a0",
   "metadata": {},
   "outputs": [],
   "source": [
    "def compute_pca(X, n_components):\n",
    "    \"\"\"\n",
    "    Parameters\n",
    "    ----------\n",
    "    X : numpy.ndarray\n",
    "        Input data matrix of shape (m, n), where m is the number of samples and n is the number of features.\n",
    "    n_components : int\n",
    "        The number of principal components (dimensions) to keep.\n",
    "\n",
    "    Returns\n",
    "    -------\n",
    "    X_reduced : numpy.ndarray\n",
    "        The data projected onto the top n_components principal components.\n",
    "    \"\"\"\n",
    "    matrix = np.array(X)\n",
    "\n",
    "    # TODO: PCA algoritme implementeren\n",
    "\n",
    "    # Step 1: Center/normalize the matrix\n",
    "    # centered_data = matrix - matrix.mean(axis=0)\n",
    "    normalized_data = (matrix - matrix.mean(axis=0)) / matrix.std(axis=0)  # axis 0 is the vertical axis, thus mean/std of each column.\n",
    "    print(\"Centered Data:\")\n",
    "    print(normalized_data)\n",
    "    print()\n",
    "\n",
    "\n",
    "    # Step 2: Calculate the covariance matrix\n",
    "    covariance_matrix = np.cov(normalized_data, rowvar = False)  # ddof = 1 for n-1, (sum(x_i - x_mu * y_i - y_mu) / n-1)\n",
    "\n",
    "    print(\"Covariance matrix shape:\")\n",
    "    print(covariance_matrix.shape)\n",
    "    print()\n",
    "    print(\"Covariance matrix:\")\n",
    "    print(covariance_matrix)\n",
    "    print()\n",
    "    \n",
    "\n",
    "    # Step 3: \n",
    "    eigenvalues, eigenvectors = np.linalg.eigh(covariance_matrix)\n",
    "    sorting_helper = np.argsort(eigenvalues)[::-1]\n",
    "    sorted_eigenvalues = eigenvalues[sorting_helper]\n",
    "    sorted_eigenvectors = eigenvectors[:,sorting_helper]\n",
    "    eigenvalue_impact = sorted_eigenvalues / sum(sorted_eigenvalues)\n",
    "\n",
    "    # print(sorted_eigenvalues)\n",
    "    # print(sorted_eigenvalues)\n",
    "\n",
    "\n",
    "\n",
    "    # Step 4:\n",
    "    selected_eigenvectors = sorted_eigenvectors[:,:n_components]\n",
    "    \n",
    "    print(\"Matrix shape:\")\n",
    "    print(matrix.shape)\n",
    "    print()\n",
    "    print(\"matrix mean:\")\n",
    "    print(matrix.mean(axis=0).shape)\n",
    "    print()\n",
    "    print(\"Eigenvalues shape, Eigenvectors shape:\")\n",
    "    print(eigenvalues.shape, eigenvectors.shape)\n",
    "    print()\n",
    "    print(\"Eigenvalues:\")\n",
    "    print(eigenvalues)\n",
    "    print()\n",
    "    print(\"Eigenvalue impact:\")\n",
    "    print(eigenvalue_impact)\n",
    "    print()\n",
    "    print(\"Eigenvectors:\")\n",
    "    print(eigenvectors)\n",
    "    print()\n",
    "    print(\"Sorting helper (indices)\")\n",
    "    print(sorting_helper)\n",
    "    print()\n",
    "    print(\"Sorted eigenvalues shape, Sorted eigenvectors shape\")\n",
    "    print(sorted_eigenvalues.shape, sorted_eigenvectors.shape)\n",
    "    print()\n",
    "    print(\"Sorted eigenvalues:\")\n",
    "    print(sorted_eigenvalues)\n",
    "    print()\n",
    "    print(\"Sorted eigenvectors:\")\n",
    "    print(sorted_eigenvectors)\n",
    "    print()\n",
    "    print(\"Eigenvalue most impact\")\n",
    "    print(eigenvalue_impact[0])\n",
    "    print()\n",
    "    print(\"Selected eigenvectors shape:\")\n",
    "    print(selected_eigenvectors.shape)\n",
    "    print()\n",
    "    print(\"Selected eigenvectors:\")\n",
    "    print(selected_eigenvectors)\n",
    "    print()\n",
    "    print(\"Result shape:\")\n",
    "    print((normalized_data @ selected_eigenvectors).shape)\n",
    "\n",
    "\n",
    "    # n_eigenvectors = np.array(X).T  # Deze definitie van n_eigenvectors klopt niet en mag je verwijderen --\n",
    "                                    # dit staat hier alleen om een foutmelding te voorkomen.\n",
    "\n",
    "    # Stap 5.\n",
    "    return normalized_data @ selected_eigenvectors"
   ]
  },
  {
   "cell_type": "markdown",
   "id": "3a85ae46-2ef9-46f8-b1c7-5f03c1bda36f",
   "metadata": {},
   "source": [
    "#### Test-scenario\n",
    "Onderstaande code zou de volgende output moeten opleveren (het minteken kan wisselen):\n",
    "\n",
    "```python\n",
    "[[ 0.43437323 -0.49820384]\n",
    " [ 0.42077249  0.50351448]\n",
    " [-0.85514571 -0.00531064]]\n",
    " ```"
   ]
  },
  {
   "cell_type": "code",
   "execution_count": 26,
   "id": "9bd62100",
   "metadata": {},
   "outputs": [
    {
     "name": "stdout",
     "output_type": "stream",
     "text": [
      "Centered Data:\n",
      "[[-0.713 -0.563 -1.329 -1.342 -0.542 -1.361 -0.311  0.146  1.406  0.002]\n",
      " [-0.701 -0.842  0.245  1.058 -0.86   0.349  1.35   1.145 -0.832 -1.226]\n",
      " [ 1.414  1.405  1.084  0.284  1.402  1.012 -1.039 -1.291 -0.575  1.224]]\n",
      "\n",
      "Covariance matrix shape:\n",
      "(10, 10)\n",
      "\n",
      "Covariance matrix:\n",
      "[[ 1.5    1.489  1.154  0.308  1.486  1.079 -1.097 -1.366 -0.616  1.294]\n",
      " [ 1.489  1.5    1.033  0.132  1.5    0.948 -1.211 -1.43  -0.45   1.375]\n",
      " [ 1.154  1.033  1.5    1.175  1.015  1.496 -0.191 -0.657 -1.348  0.512]\n",
      " [ 0.308  0.132  1.175  1.5    0.108  1.242  0.776  0.325 -1.465 -0.476]\n",
      " [ 1.486  1.5    1.015  0.108  1.5    0.929 -1.225 -1.437 -0.426  1.385]\n",
      " [ 1.079  0.948  1.496  1.242  0.929  1.5   -0.078 -0.553 -1.393  0.404]\n",
      " [-1.097 -1.211 -0.191  0.776 -1.225 -0.078  1.5    1.421 -0.482 -1.464]\n",
      " [-1.366 -1.43  -0.657  0.325 -1.437 -0.553  1.421  1.5   -0.003 -1.492]\n",
      " [-0.616 -0.45  -1.348 -1.465 -0.426 -1.393 -0.482 -0.003  1.5    0.159]\n",
      " [ 1.294  1.375  0.512 -0.476  1.385  0.404 -1.464 -1.492  0.159  1.5  ]]\n",
      "\n",
      "Matrix shape:\n",
      "(3, 10)\n",
      "\n",
      "matrix mean:\n",
      "(10,)\n",
      "\n",
      "Eigenvalues shape, Eigenvectors shape:\n",
      "(10,) (10, 10)\n",
      "\n",
      "Eigenvalues:\n",
      "[-0.    -0.    -0.    -0.     0.     0.     0.     0.     5.403  9.597]\n",
      "\n",
      "Eigenvalue impact:\n",
      "[ 0.64  0.36  0.    0.    0.    0.   -0.   -0.   -0.   -0.  ]\n",
      "\n",
      "Eigenvectors:\n",
      "[[ 0.09   0.035 -0.12   0.07  -0.037 -0.319  0.123  0.835 -0.001 -0.395]\n",
      " [ 0.706  0.032  0.039  0.023 -0.092 -0.402 -0.068 -0.407 -0.063 -0.392]\n",
      " [-0.014 -0.021  0.26  -0.279 -0.011  0.214  0.768 -0.112  0.336 -0.305]\n",
      " [ 0.031 -0.22  -0.154 -0.668 -0.068  0.006 -0.447  0.067  0.515 -0.082]\n",
      " [-0.158  0.111 -0.359  0.15  -0.698  0.383 -0.081 -0.11  -0.072 -0.392]\n",
      " [-0.038 -0.144 -0.492  0.415  0.554  0.144 -0.014 -0.148  0.365 -0.285]\n",
      " [-0.011  0.769 -0.305 -0.032 -0.079 -0.271  0.135 -0.062  0.36   0.289]\n",
      " [ 0.656 -0.023  0.018  0.191 -0.107  0.517  0.016  0.278  0.218  0.36 ]\n",
      " [ 0.177 -0.124 -0.63  -0.423  0.128  0.059  0.318 -0.01  -0.48   0.163]\n",
      " [ 0.069  0.556  0.181 -0.245  0.397  0.423 -0.254  0.071 -0.267 -0.341]]\n",
      "\n",
      "Sorting helper (indices)\n",
      "[9 8 7 6 5 4 3 2 1 0]\n",
      "\n",
      "Sorted eigenvalues shape, Sorted eigenvectors shape\n",
      "(10,) (10, 10)\n",
      "\n",
      "Sorted eigenvalues:\n",
      "[ 9.597  5.403  0.     0.     0.     0.    -0.    -0.    -0.    -0.   ]\n",
      "\n",
      "Sorted eigenvectors:\n",
      "[[-0.395 -0.001  0.835  0.123 -0.319 -0.037  0.07  -0.12   0.035  0.09 ]\n",
      " [-0.392 -0.063 -0.407 -0.068 -0.402 -0.092  0.023  0.039  0.032  0.706]\n",
      " [-0.305  0.336 -0.112  0.768  0.214 -0.011 -0.279  0.26  -0.021 -0.014]\n",
      " [-0.082  0.515  0.067 -0.447  0.006 -0.068 -0.668 -0.154 -0.22   0.031]\n",
      " [-0.392 -0.072 -0.11  -0.081  0.383 -0.698  0.15  -0.359  0.111 -0.158]\n",
      " [-0.285  0.365 -0.148 -0.014  0.144  0.554  0.415 -0.492 -0.144 -0.038]\n",
      " [ 0.289  0.36  -0.062  0.135 -0.271 -0.079 -0.032 -0.305  0.769 -0.011]\n",
      " [ 0.36   0.218  0.278  0.016  0.517 -0.107  0.191  0.018 -0.023  0.656]\n",
      " [ 0.163 -0.48  -0.01   0.318  0.059  0.128 -0.423 -0.63  -0.124  0.177]\n",
      " [-0.341 -0.267  0.071 -0.254  0.423  0.397 -0.245  0.181  0.556  0.069]]\n",
      "\n",
      "Eigenvalue most impact\n",
      "0.639782678985974\n",
      "\n",
      "Selected eigenvectors shape:\n",
      "(10, 2)\n",
      "\n",
      "Selected eigenvectors:\n",
      "[[-0.395 -0.001]\n",
      " [-0.392 -0.063]\n",
      " [-0.305  0.336]\n",
      " [-0.082  0.515]\n",
      " [-0.392 -0.072]\n",
      " [-0.285  0.365]\n",
      " [ 0.289  0.36 ]\n",
      " [ 0.36   0.218]\n",
      " [ 0.163 -0.48 ]\n",
      " [-0.341 -0.267]]\n",
      "\n",
      "Result shape:\n",
      "(3, 2)\n",
      "\n",
      "Result:\n",
      "[[ 1.809 -2.316]\n",
      " [ 1.768  2.333]\n",
      " [-3.577 -0.018]]\n"
     ]
    }
   ],
   "source": [
    "np.random.seed(1)\n",
    "X = np.random.rand(3, 10)\n",
    "X_reduced = compute_pca(X, n_components=2)\n",
    "print()\n",
    "print(\"Result:\")\n",
    "print(X_reduced)"
   ]
  },
  {
   "cell_type": "markdown",
   "id": "12e3f802-0acc-4646-820c-c7df47d3dbbd",
   "metadata": {},
   "source": [
    "### Opdracht 2. Visualisatie met dimensiereductie\n",
    "\n",
    "Maak op basis van de aangeleverde `data` een numpy array van de datapunten, en gebruik je PCA-implementatie om een 2D- en 3D-weergave van de data te maken. Maak van elke weergave een plot, waarbij iedere categorie een eigen kleur krijgt."
   ]
  },
  {
   "cell_type": "code",
   "execution_count": 22,
   "id": "9e50dd9e",
   "metadata": {
    "tags": [
     "student"
    ]
   },
   "outputs": [],
   "source": [
    "# TODO: Schrijf hier je code."
   ]
  },
  {
   "cell_type": "code",
   "execution_count": 23,
   "id": "68a1d424",
   "metadata": {
    "tags": [
     "student"
    ]
   },
   "outputs": [],
   "source": [
    "# TODO: Schrijf hier je code."
   ]
  },
  {
   "cell_type": "markdown",
   "id": "04c179dc-cd4d-482c-bc91-afc04ee4eea9",
   "metadata": {},
   "source": [
    "### Opdracht 3. Analyse\n",
    "\n",
    "Analyseer de resultaten:\n",
    "1. Welke categorieën zijn op basis van de PCA-reductie te onderscheiden, en welke niet? \n",
    "2. Geef aan hoeveel procent van de informatie bewaard is gebleven in 2D en 3D respectievelijk.\n",
    "3. Hoeveel dimensies zijn nodig om 90% van de informatie te bewaren?\n",
    "4. En voor 95%?"
   ]
  },
  {
   "cell_type": "markdown",
   "id": "631701af",
   "metadata": {
    "tags": [
     "student"
    ]
   },
   "source": [
    "_Schrijf hier je antwoord._"
   ]
  },
  {
   "cell_type": "markdown",
   "id": "8f183ac9-196f-4f33-9386-3ad9ae551003",
   "metadata": {},
   "source": [
    "## Deel II: t-Distributed Stochastic Neighbour Embedding (t-SNE)\n",
    "\n",
    "Een alternatieve methode voor dimensiereductie is _t-Distributed Stochastic Neighbour Embedding_ (t-SNE). \n",
    "\n",
    "### Opdracht 4. Toepassing\n",
    "Gebruik SciKit-Learn om met behulp van t-SNE de data tot 2 dimensies te reduceren en plot het resultaat (wederom met kleuren voor de categorien). "
   ]
  },
  {
   "cell_type": "code",
   "execution_count": 24,
   "id": "6e196b4e",
   "metadata": {
    "tags": [
     "student"
    ]
   },
   "outputs": [],
   "source": [
    "# TODO: Schrijf hier je code."
   ]
  },
  {
   "cell_type": "markdown",
   "id": "b30a58b3-c66e-4d0f-9cbd-231e490740c9",
   "metadata": {},
   "source": [
    "### Opdracht 5. Vergelijking\n",
    "\n",
    "Vergelijk deze met de resultaten van je PCA-implementatie:\n",
    "\n",
    "1. Hoe verhoudt de zichtbaarheid van de categorieën zich tussen beide resultaten?\n",
    "2. Hoe verhouden de algoritmes zich in het behoud van informatie?\n",
    "\n",
    "Beantwoord de volgende vragen los van de data van deze opdracht:\n",
    "\n",
    "3. Waarvoor zou je PCA en t-SNE inzetten als je te maken krijgt met een onbekende (mogelijk ongelabelde) dataset?\n",
    "4. Geef een voorbeeld waar PCA de voorkeur heeft boven t-SNE.\n",
    "5. Geef een voorbeeld waar t-SNE de voorkeur heeft boven PCA."
   ]
  },
  {
   "cell_type": "markdown",
   "id": "0c411da7",
   "metadata": {
    "tags": [
     "student"
    ]
   },
   "source": [
    "_Schrijf hier je antwoord._"
   ]
  },
  {
   "cell_type": "markdown",
   "id": "114c8fa6-0c5d-4aab-8938-aa213dc90904",
   "metadata": {},
   "source": [
    "### Opdracht 6. Project\n",
    "\n",
    "Als het goed is, heb je op dit moment een eerste idee van de data waar je in het project mee gaat werken. Geef antwoord op onderstaande vragen.\n",
    "\n",
    "1. Wat is de dimensionaliteit waar je mee te maken hebt?\n",
    "2. Beschrijf hoe dimensionaliteitsreductie-algoritmen je kunnen helpen de data te verkennen."
   ]
  },
  {
   "cell_type": "markdown",
   "id": "8d28386d",
   "metadata": {
    "tags": [
     "student"
    ]
   },
   "source": [
    "_Schrijf hier je antwoord._"
   ]
  }
 ],
 "metadata": {
  "kernelspec": {
   "display_name": "ai-s4-alt",
   "language": "python",
   "name": "python3"
  },
  "language_info": {
   "codemirror_mode": {
    "name": "ipython",
    "version": 3
   },
   "file_extension": ".py",
   "mimetype": "text/x-python",
   "name": "python",
   "nbconvert_exporter": "python",
   "pygments_lexer": "ipython3",
   "version": "3.12.12"
  }
 },
 "nbformat": 4,
 "nbformat_minor": 5
}
